./img_face/15_0.jpg  61.799403473734856 83.2779560983181 185.39821042120457 249.8338682949543
./img_face/2_0.jpg  9.573951035737991 11.975212961435318 28.721853107213974 35.925638884305954
./img_face/2_1.jpg  9.710954863578081 11.922875821590424 29.132864590734243 35.76862746477127
./img_face/2_2.jpg  9.103081092238426 11.550435928627849 27.30924327671528 34.651307785883546
./img_face/2_3.jpg  7.75384609401226 10.171504251658916 23.26153828203678 30.51451275497675
./img_face/2_4.jpg  9.427839633077383 12.060623708181083 28.28351889923215 36.18187112454325
./img_face/2_5.jpg  8.678016103804111 11.218382705003023 26.034048311412334 33.65514811500907
./img_face/2_6.jpg  9.614986263215542 12.267534790560603 28.844958789646626 36.80260437168181
./img_face/2_7.jpg  9.281222254037857 11.240693817846477 27.84366676211357 33.72208145353943
./img_face/2_8.jpg  8.63608469069004 10.965432982891798 25.90825407207012 32.896298948675394
./img_face/2_9.jpg  7.829131841659546 9.561892408877611 23.487395524978638 28.685677226632833
./img_face/2_10.jpg  8.663697898387909 10.640027241781354 25.991093695163727 31.920081725344062
./img_face/2_11.jpg  8.091585498303175 9.985509175807238 24.274756494909525 29.956527527421713
./img_face/2_12.jpg  9.40366991609335 10.800659418106079 28.21100974828005 32.40197825431824
./img_face/2_13.jpg  8.115780532360077 9.835156925022602 24.34734159708023 29.505470775067806
./img_face/2_14.jpg  9.342268079519272 12.102891807910055 28.026804238557816 36.308675423730165
./img_face/2_15.jpg  10.148852214217186 12.954700687900186 30.446556642651558 38.86410206370056
./img_face/25_0.jpg  26.983863431960344 33.87214757176116 80.95159029588103 101.61644271528348
./img_face/25_1.jpg  28.216466203331947 36.72982415929437 84.64939860999584 110.1894724778831
./img_face/25_2.jpg  26.25728590041399 32.48032499384135 78.77185770124197 97.44097498152405
./img_face/25_3.jpg  28.58268867433071 35.857459239661694 85.74806602299213 107.57237771898508
./img_face/25_4.jpg  28.779246520251036 38.378440365195274 86.3377395607531 115.13532109558582
./img_face/25_5.jpg  24.00474862009287 29.97894775867462 72.0142458602786 89.93684327602386
./img_face/25_6.jpg  24.071250468492508 31.617650169879198 72.21375140547752 94.8529505096376
./img_face/25_7.jpg  24.508856303989887 32.06950086355209 73.52656891196966 96.20850259065628
./img_face/25_8.jpg  28.134729951620102 36.74141442030668 84.4041898548603 110.22424326092005
./img_face/25_9.jpg  22.71870529651642 42.04674828052521 94.97170108370483 126.14024484157562
./img_face/25_10.jpg  22.623941719532013 31.103084333240986 67.87182515859604 93.30925299972296
./img_face/25_11.jpg  30.68107471987605 37.22267723828554 92.04322415962815 111.66803171485662
./img_face/25_12.jpg  25.02758014947176 33.405364437028766 75.08274044841528 100.2160933110863
./img_face/33_0.jpg  42.02488472685218 53.012971837073565 126.07465418055654 159.0389155112207
./img_face/33_1.jpg  49.2786300573498 60.85136732831597 147.8358901720494 182.55410198494792
./img_face/33_2.jpg  47.91966868005693 54.91553919855505 143.7590060401708 164.74661759566516
./img_face/33_3.jpg  43.86258168891072 53.327825295738876 131.58774506673217 159.98347588721663
./img_face/33_4.jpg  44.08033734560013 53.256959337275475 132.24101203680038 159.77087801182643
./img_face/33_5.jpg  45.27752634882927 61.61613028263673 135.8325790464878 184.8483908479102
./img_face/33_6.jpg  38.95248257368803 48.19427156448364 116.85744772106409 144.58281469345093
./img_face/33_7.jpg  43.88613810390234 56.66318325698376 131.65841431170702 169.98954977095127
./img_face/33_8.jpg  47.62222167849541 61.05892682727426 142.86666503548622 183.1767804818228
./img_face/33_9.jpg  45.51252395659685 61.1963234692812 136.53757186979055 183.5889704078436
./img_face/33_10.jpg  41.48101657629013 54.55018210411072 124.44304972887039 163.65054631233215
./img_face/33_11.jpg  41.63778558373451 52.705570586025715 124.91335675120354 158.11671175807714
./img_face/33_12.jpg  48.48317436501384 55.58763152733445 145.4495230950415 166.76289458200336
./img_face/15_0.jpg  61.799403473734856 83.2779560983181 185.39821042120457 249.8338682949543
./img_face/2_0.jpg  9.573951035737991 11.975212961435318 28.721853107213974 35.925638884305954
./img_face/2_1.jpg  9.710954863578081 11.922875821590424 29.132864590734243 35.76862746477127
./img_face/2_2.jpg  9.103081092238426 11.550435928627849 27.30924327671528 34.651307785883546
./img_face/2_3.jpg  7.75384609401226 10.171504251658916 23.26153828203678 30.51451275497675
./img_face/2_4.jpg  9.427839633077383 12.060623708181083 28.28351889923215 36.18187112454325
./img_face/2_5.jpg  8.678016103804111 11.218382705003023 26.034048311412334 33.65514811500907
./img_face/2_6.jpg  9.614986263215542 12.267534790560603 28.844958789646626 36.80260437168181
./img_face/2_7.jpg  9.281222254037857 11.240693817846477 27.84366676211357 33.72208145353943
./img_face/2_8.jpg  8.63608469069004 10.965432982891798 25.90825407207012 32.896298948675394
./img_face/2_9.jpg  7.829131841659546 9.561892408877611 23.487395524978638 28.685677226632833
./img_face/2_10.jpg  8.663697898387909 10.640027241781354 25.991093695163727 31.920081725344062
./img_face/2_11.jpg  8.091585498303175 9.985509175807238 24.274756494909525 29.956527527421713
./img_face/2_12.jpg  9.40366991609335 10.800659418106079 28.21100974828005 32.40197825431824
./img_face/2_13.jpg  8.115780532360077 9.835156925022602 24.34734159708023 29.505470775067806
./img_face/2_14.jpg  9.342268079519272 12.102891807910055 28.026804238557816 36.308675423730165
./img_face/2_15.jpg  10.148852214217186 12.954700687900186 30.446556642651558 38.86410206370056
./img_face/25_0.jpg  26.983863431960344 33.87214757176116 80.95159029588103 101.61644271528348
./img_face/25_1.jpg  28.216466203331947 36.72982415929437 84.64939860999584 110.1894724778831
./img_face/25_2.jpg  26.25728590041399 32.48032499384135 78.77185770124197 97.44097498152405
./img_face/25_3.jpg  28.58268867433071 35.857459239661694 85.74806602299213 107.57237771898508
./img_face/25_4.jpg  28.779246520251036 38.378440365195274 86.3377395607531 115.13532109558582
./img_face/25_5.jpg  24.00474862009287 29.97894775867462 72.0142458602786 89.93684327602386
./img_face/25_6.jpg  24.071250468492508 31.617650169879198 72.21375140547752 94.8529505096376
./img_face/25_7.jpg  24.508856303989887 32.06950086355209 73.52656891196966 96.20850259065628
./img_face/25_8.jpg  28.134729951620102 36.74141442030668 84.4041898548603 110.22424326092005
./img_face/25_9.jpg  22.71870529651642 42.04674828052521 94.97170108370483 126.14024484157562
./img_face/25_10.jpg  22.623941719532013 31.103084333240986 67.87182515859604 93.30925299972296
./img_face/25_11.jpg  30.68107471987605 37.22267723828554 92.04322415962815 111.66803171485662
./img_face/25_12.jpg  25.02758014947176 33.405364437028766 75.08274044841528 100.2160933110863
./img_face/33_0.jpg  42.02488472685218 53.012971837073565 126.07465418055654 159.0389155112207
./img_face/33_1.jpg  49.2786300573498 60.85136732831597 147.8358901720494 182.55410198494792
./img_face/33_2.jpg  47.91966868005693 54.91553919855505 143.7590060401708 164.74661759566516
./img_face/33_3.jpg  43.86258168891072 53.327825295738876 131.58774506673217 159.98347588721663
./img_face/33_4.jpg  44.08033734560013 53.256959337275475 132.24101203680038 159.77087801182643
./img_face/33_5.jpg  45.27752634882927 61.61613028263673 135.8325790464878 184.8483908479102
./img_face/33_6.jpg  38.95248257368803 48.19427156448364 116.85744772106409 144.58281469345093
./img_face/33_7.jpg  43.88613810390234 56.66318325698376 131.65841431170702 169.98954977095127
./img_face/33_8.jpg  47.62222167849541 61.05892682727426 142.86666503548622 183.1767804818228
./img_face/33_9.jpg  45.51252395659685 61.1963234692812 136.53757186979055 183.5889704078436
./img_face/33_10.jpg  41.48101657629013 54.55018210411072 124.44304972887039 163.65054631233215
./img_face/33_11.jpg  41.63778558373451 52.705570586025715 124.91335675120354 158.11671175807714
./img_face/33_12.jpg  48.48317436501384 55.58763152733445 145.4495230950415 166.76289458200336
./img_face/15_0.jpg  61.799403473734856 83.2779560983181 185.39821042120457 249.8338682949543
./img_face/2_0.jpg  9.573951035737991 11.975212961435318 28.721853107213974 35.925638884305954
./img_face/2_1.jpg  9.710954863578081 11.922875821590424 29.132864590734243 35.76862746477127
./img_face/2_2.jpg  9.103081092238426 11.550435928627849 27.30924327671528 34.651307785883546
./img_face/2_3.jpg  7.75384609401226 10.171504251658916 23.26153828203678 30.51451275497675
./img_face/2_4.jpg  9.427839633077383 12.060623708181083 28.28351889923215 36.18187112454325
./img_face/2_5.jpg  8.678016103804111 11.218382705003023 26.034048311412334 33.65514811500907
./img_face/2_6.jpg  9.614986263215542 12.267534790560603 28.844958789646626 36.80260437168181
./img_face/2_7.jpg  9.281222254037857 11.240693817846477 27.84366676211357 33.72208145353943
./img_face/2_8.jpg  8.63608469069004 10.965432982891798 25.90825407207012 32.896298948675394
./img_face/2_9.jpg  7.829131841659546 9.561892408877611 23.487395524978638 28.685677226632833
./img_face/2_10.jpg  8.663697898387909 10.640027241781354 25.991093695163727 31.920081725344062
./img_face/2_11.jpg  8.091585498303175 9.985509175807238 24.274756494909525 29.956527527421713
./img_face/2_12.jpg  9.40366991609335 10.800659418106079 28.21100974828005 32.40197825431824
./img_face/2_13.jpg  8.115780532360077 9.835156925022602 24.34734159708023 29.505470775067806
./img_face/2_14.jpg  9.342268079519272 12.102891807910055 28.026804238557816 36.308675423730165
./img_face/2_15.jpg  10.148852214217186 12.954700687900186 30.446556642651558 38.86410206370056
./img_face/25_0.jpg  26.983863431960344 33.87214757176116 80.95159029588103 101.61644271528348
./img_face/25_1.jpg  28.216466203331947 36.72982415929437 84.64939860999584 110.1894724778831
./img_face/25_2.jpg  26.25728590041399 32.48032499384135 78.77185770124197 97.44097498152405
./img_face/25_3.jpg  28.58268867433071 35.857459239661694 85.74806602299213 107.57237771898508
./img_face/25_4.jpg  28.779246520251036 38.378440365195274 86.3377395607531 115.13532109558582
./img_face/25_5.jpg  24.00474862009287 29.97894775867462 72.0142458602786 89.93684327602386
./img_face/25_6.jpg  24.071250468492508 31.617650169879198 72.21375140547752 94.8529505096376
./img_face/25_7.jpg  24.508856303989887 32.06950086355209 73.52656891196966 96.20850259065628
./img_face/25_8.jpg  28.134729951620102 36.74141442030668 84.4041898548603 110.22424326092005
./img_face/25_9.jpg  22.71870529651642 42.04674828052521 94.97170108370483 126.14024484157562
./img_face/25_10.jpg  22.623941719532013 31.103084333240986 67.87182515859604 93.30925299972296
./img_face/25_11.jpg  30.68107471987605 37.22267723828554 92.04322415962815 111.66803171485662
./img_face/25_12.jpg  25.02758014947176 33.405364437028766 75.08274044841528 100.2160933110863
./img_face/33_0.jpg  42.02488472685218 53.012971837073565 126.07465418055654 159.0389155112207
./img_face/33_1.jpg  49.2786300573498 60.85136732831597 147.8358901720494 182.55410198494792
./img_face/33_2.jpg  47.91966868005693 54.91553919855505 143.7590060401708 164.74661759566516
./img_face/33_3.jpg  43.86258168891072 53.327825295738876 131.58774506673217 159.98347588721663
./img_face/33_4.jpg  44.08033734560013 53.256959337275475 132.24101203680038 159.77087801182643
./img_face/33_5.jpg  45.27752634882927 61.61613028263673 135.8325790464878 184.8483908479102
./img_face/33_6.jpg  38.95248257368803 48.19427156448364 116.85744772106409 144.58281469345093
./img_face/33_7.jpg  43.88613810390234 56.66318325698376 131.65841431170702 169.98954977095127
./img_face/33_8.jpg  47.62222167849541 61.05892682727426 142.86666503548622 183.1767804818228
./img_face/33_9.jpg  45.51252395659685 61.1963234692812 136.53757186979055 183.5889704078436
./img_face/33_10.jpg  41.48101657629013 54.55018210411072 124.44304972887039 163.65054631233215
./img_face/33_11.jpg  41.63778558373451 52.705570586025715 124.91335675120354 158.11671175807714
./img_face/33_12.jpg  48.48317436501384 55.58763152733445 145.4495230950415 166.76289458200336
./img_face/15_0.jpg  61.799403473734856 83.2779560983181 185.39821042120457 249.8338682949543
./img_face/2_0.jpg  9.573951035737991 11.975212961435318 28.721853107213974 35.925638884305954
./img_face/2_1.jpg  9.710954863578081 11.922875821590424 29.132864590734243 35.76862746477127
./img_face/2_2.jpg  9.103081092238426 11.550435928627849 27.30924327671528 34.651307785883546
./img_face/2_3.jpg  7.75384609401226 10.171504251658916 23.26153828203678 30.51451275497675
./img_face/2_4.jpg  9.427839633077383 12.060623708181083 28.28351889923215 36.18187112454325
./img_face/2_5.jpg  8.678016103804111 11.218382705003023 26.034048311412334 33.65514811500907
./img_face/2_6.jpg  9.614986263215542 12.267534790560603 28.844958789646626 36.80260437168181
./img_face/2_7.jpg  9.281222254037857 11.240693817846477 27.84366676211357 33.72208145353943
./img_face/2_8.jpg  8.63608469069004 10.965432982891798 25.90825407207012 32.896298948675394
./img_face/2_9.jpg  7.829131841659546 9.561892408877611 23.487395524978638 28.685677226632833
./img_face/2_10.jpg  8.663697898387909 10.640027241781354 25.991093695163727 31.920081725344062
./img_face/2_11.jpg  8.091585498303175 9.985509175807238 24.274756494909525 29.956527527421713
./img_face/2_12.jpg  9.40366991609335 10.800659418106079 28.21100974828005 32.40197825431824
./img_face/2_13.jpg  8.115780532360077 9.835156925022602 24.34734159708023 29.505470775067806
./img_face/2_14.jpg  9.342268079519272 12.102891807910055 28.026804238557816 36.308675423730165
./img_face/2_15.jpg  10.148852214217186 12.954700687900186 30.446556642651558 38.86410206370056
./img_face/25_0.jpg  26.983863431960344 33.87214757176116 80.95159029588103 101.61644271528348
./img_face/25_1.jpg  28.216466203331947 36.72982415929437 84.64939860999584 110.1894724778831
./img_face/25_2.jpg  26.25728590041399 32.48032499384135 78.77185770124197 97.44097498152405
./img_face/25_3.jpg  28.58268867433071 35.857459239661694 85.74806602299213 107.57237771898508
./img_face/25_4.jpg  28.779246520251036 38.378440365195274 86.3377395607531 115.13532109558582
./img_face/25_5.jpg  24.00474862009287 29.97894775867462 72.0142458602786 89.93684327602386
./img_face/25_6.jpg  24.071250468492508 31.617650169879198 72.21375140547752 94.8529505096376
./img_face/25_7.jpg  24.508856303989887 32.06950086355209 73.52656891196966 96.20850259065628
./img_face/25_8.jpg  28.134729951620102 36.74141442030668 84.4041898548603 110.22424326092005
./img_face/25_9.jpg  22.71870529651642 42.04674828052521 94.97170108370483 126.14024484157562
./img_face/25_10.jpg  22.623941719532013 31.103084333240986 67.87182515859604 93.30925299972296
./img_face/25_11.jpg  30.68107471987605 37.22267723828554 92.04322415962815 111.66803171485662
./img_face/25_12.jpg  25.02758014947176 33.405364437028766 75.08274044841528 100.2160933110863
./img_face/33_0.jpg  42.02488472685218 53.012971837073565 126.07465418055654 159.0389155112207
./img_face/33_1.jpg  49.2786300573498 60.85136732831597 147.8358901720494 182.55410198494792
./img_face/33_2.jpg  47.91966868005693 54.91553919855505 143.7590060401708 164.74661759566516
./img_face/33_3.jpg  43.86258168891072 53.327825295738876 131.58774506673217 159.98347588721663
./img_face/33_4.jpg  44.08033734560013 53.256959337275475 132.24101203680038 159.77087801182643
./img_face/33_5.jpg  45.27752634882927 61.61613028263673 135.8325790464878 184.8483908479102
./img_face/33_6.jpg  38.95248257368803 48.19427156448364 116.85744772106409 144.58281469345093
./img_face/33_7.jpg  43.88613810390234 56.66318325698376 131.65841431170702 169.98954977095127
./img_face/33_8.jpg  47.62222167849541 61.05892682727426 142.86666503548622 183.1767804818228
./img_face/33_9.jpg  45.51252395659685 61.1963234692812 136.53757186979055 183.5889704078436
./img_face/33_10.jpg  41.48101657629013 54.55018210411072 124.44304972887039 163.65054631233215
./img_face/33_11.jpg  41.63778558373451 52.705570586025715 124.91335675120354 158.11671175807714
./img_face/33_12.jpg  48.48317436501384 55.58763152733445 145.4495230950415 166.76289458200336
./img_face/15_0.jpg  61.799403473734856 83.2779560983181 185.39821042120457 249.8338682949543
./img_face/2_0.jpg  9.573951035737991 11.975212961435318 28.721853107213974 35.925638884305954
./img_face/2_1.jpg  9.710954863578081 11.922875821590424 29.132864590734243 35.76862746477127
./img_face/2_2.jpg  9.103081092238426 11.550435928627849 27.30924327671528 34.651307785883546
./img_face/2_3.jpg  7.75384609401226 10.171504251658916 23.26153828203678 30.51451275497675
./img_face/2_4.jpg  9.427839633077383 12.060623708181083 28.28351889923215 36.18187112454325
./img_face/2_5.jpg  8.678016103804111 11.218382705003023 26.034048311412334 33.65514811500907
./img_face/2_6.jpg  9.614986263215542 12.267534790560603 28.844958789646626 36.80260437168181
./img_face/2_7.jpg  9.281222254037857 11.240693817846477 27.84366676211357 33.72208145353943
./img_face/2_8.jpg  8.63608469069004 10.965432982891798 25.90825407207012 32.896298948675394
./img_face/2_9.jpg  7.829131841659546 9.561892408877611 23.487395524978638 28.685677226632833
./img_face/2_10.jpg  8.663697898387909 10.640027241781354 25.991093695163727 31.920081725344062
./img_face/2_11.jpg  8.091585498303175 9.985509175807238 24.274756494909525 29.956527527421713
./img_face/2_12.jpg  9.40366991609335 10.800659418106079 28.21100974828005 32.40197825431824
./img_face/2_13.jpg  8.115780532360077 9.835156925022602 24.34734159708023 29.505470775067806
./img_face/2_14.jpg  9.342268079519272 12.102891807910055 28.026804238557816 36.308675423730165
./img_face/2_15.jpg  10.148852214217186 12.954700687900186 30.446556642651558 38.86410206370056
./img_face/25_0.jpg  26.983863431960344 33.87214757176116 80.95159029588103 101.61644271528348
./img_face/25_1.jpg  28.216466203331947 36.72982415929437 84.64939860999584 110.1894724778831
./img_face/25_2.jpg  26.25728590041399 32.48032499384135 78.77185770124197 97.44097498152405
./img_face/25_3.jpg  28.58268867433071 35.857459239661694 85.74806602299213 107.57237771898508
./img_face/25_4.jpg  28.779246520251036 38.378440365195274 86.3377395607531 115.13532109558582
./img_face/25_5.jpg  24.00474862009287 29.97894775867462 72.0142458602786 89.93684327602386
./img_face/25_6.jpg  24.071250468492508 31.617650169879198 72.21375140547752 94.8529505096376
./img_face/25_7.jpg  24.508856303989887 32.06950086355209 73.52656891196966 96.20850259065628
./img_face/25_8.jpg  28.134729951620102 36.74141442030668 84.4041898548603 110.22424326092005
./img_face/25_9.jpg  22.71870529651642 42.04674828052521 94.97170108370483 126.14024484157562
./img_face/25_10.jpg  22.623941719532013 31.103084333240986 67.87182515859604 93.30925299972296
./img_face/25_11.jpg  30.68107471987605 37.22267723828554 92.04322415962815 111.66803171485662
./img_face/25_12.jpg  25.02758014947176 33.405364437028766 75.08274044841528 100.2160933110863
./img_face/33_0.jpg  42.02488472685218 53.012971837073565 126.07465418055654 159.0389155112207
./img_face/33_1.jpg  49.2786300573498 60.85136732831597 147.8358901720494 182.55410198494792
./img_face/33_2.jpg  47.91966868005693 54.91553919855505 143.7590060401708 164.74661759566516
./img_face/33_3.jpg  43.86258168891072 53.327825295738876 131.58774506673217 159.98347588721663
./img_face/33_4.jpg  44.08033734560013 53.256959337275475 132.24101203680038 159.77087801182643
./img_face/33_5.jpg  45.27752634882927 61.61613028263673 135.8325790464878 184.8483908479102
./img_face/33_6.jpg  38.95248257368803 48.19427156448364 116.85744772106409 144.58281469345093
./img_face/33_7.jpg  43.88613810390234 56.66318325698376 131.65841431170702 169.98954977095127
./img_face/33_8.jpg  47.62222167849541 61.05892682727426 142.86666503548622 183.1767804818228
./img_face/33_9.jpg  45.51252395659685 61.1963234692812 136.53757186979055 183.5889704078436
./img_face/33_10.jpg  41.48101657629013 54.55018210411072 124.44304972887039 163.65054631233215
./img_face/33_11.jpg  41.63778558373451 52.705570586025715 124.91335675120354 158.11671175807714
./img_face/33_12.jpg  48.48317436501384 55.58763152733445 145.4495230950415 166.76289458200336
