2.796645454834573163e-03 3.993912766892186716e-02 3.771033149112983790e-02 5.040328442458714801e-03 2.180943158111331610e-03 -1.135181684621495296e-02 -1.750731037426708769e-02 6.492606751073279336e-02 -1.567763959933629256e-02 -1.994047603531479487e-02 2.845955371503414676e-04 1.837644214048993890e-02 -1.422976042113729099e-02 4.925633131654984231e-02 -1.359003185475800290e-02 -9.603813725581457003e-03 -1.778759107909689066e-02 5.053378299375874128e-02 5.846485739534472946e-03 1.407069314696737967e-02
2.811291271683013376e-02 1.721399447213019414e-03 7.963937332712202333e-03 -2.695531935795450473e-02 2.526430708862402452e-03 1.439561476854337579e-02 5.905600085218852373e-03 -2.057908899174694384e-02 6.654272668599203744e-02 -3.642159700649505449e-02 5.115878318526289464e-03 -2.488887782389312409e-02 3.714421175961752416e-03 -1.890663703153963550e-03 4.317974506806060431e-02 6.962480505467071902e-03 -1.156098231887287692e-02 -2.035808287525193647e-02 1.250160886631375770e-02 -2.551490757447881161e-02
-1.707904701705192235e-02 -4.454632167354670089e-03 -9.396234246365901474e-03 5.869705632736333181e-03 -2.482829972823332072e-03 1.491749352598025283e-02 1.148884519188288038e-02 1.156628268748801334e-02 -1.265943489242401729e-02 -6.927244124422956249e-03 4.350059719633526251e-03 4.608251978857048209e-02 1.086444197752069359e-02 -5.967477081250726961e-04 -1.936401480371302899e-02 -3.197518156599857969e-02 2.174994716284760904e-02 -1.506730339569095460e-03 -2.868861551127585216e-02 -8.826492539390074291e-03
-5.516920360615751480e-03 -1.973569148755177118e-03 2.592670203847132794e-03 9.706884562403428340e-03 -1.097115201359411159e-02 -7.534500354577164036e-03 -3.046075114653914052e-03 2.092616656890373614e-02 -1.729288568352202807e-03 7.821492938568047268e-03 -1.418840349470971637e-02 -3.019754189811264290e-03 8.422480635495687958e-04 3.120419749893727120e-03 -6.482888333953077883e-03 1.414033294525332204e-02 -9.788820185243442273e-03 -6.521450310365589816e-03 -7.740752364649649067e-03 -6.719911014937894091e-03
-1.482095435238530920e-02 -1.632042504206458744e-02 -9.603199429634834416e-03 -1.081326404418777969e-02 1.578750524811712089e-02 1.583231879644477532e-03 -2.785372559356718430e-03 7.516303624415551603e-03 -1.878546623324895207e-02 -1.179922602608182020e-03 -2.942551096146845107e-03 6.615885798443525874e-03 -2.966391922718437327e-03 -1.344692270904337961e-02 -9.682085323199066465e-03 -5.614572430550184012e-03 1.294086020641848495e-02 -9.286878775608528938e-03 1.363725316676186496e-02 -3.626019034899727930e-03
-6.551521710917128372e-03 2.032501906220720439e-02 -1.551405289361100850e-02 1.278678137762475665e-02 -1.440414594971072514e-02 5.495755153351874339e-03 1.321091431824178452e-04 -1.079759406798409468e-02 1.407531434240052656e-02 5.643023932915129312e-03 -2.347417312446963694e-02 7.671150300363342766e-04 -6.386700396038864393e-03 3.816788613892440566e-03 -6.843926020525228394e-03 1.054313525882343353e-02 -1.590776378494531199e-03 -6.847041457899610481e-03 6.976905314509297554e-04 1.641954835331855059e-02
1.868031701629451966e-02 -1.605548679003567999e-02 2.504810488018663350e-03 -1.043477592194344550e-02 -1.118162922576341166e-02 -3.776739313580552461e-03 -1.526366312377869586e-02 -9.800915585809356206e-03 7.707536843201768899e-03 -1.291588168299002796e-02 -2.318170241049039276e-03 3.440853316090913654e-03 1.602363721872248140e-02 -7.168641468347887284e-03 1.938663985783628963e-03 1.845927258876336324e-02 -2.388939158716684233e-02 1.518670788442779036e-02 2.544183135883519922e-03 1.005729363066428655e-02
6.518858993817181098e-03 3.956199414932447971e-04 -3.033592048363382976e-02 1.126136236148257350e-02 3.726731502411934158e-03 1.897834751695206060e-02 -1.430051056772960009e-02 -6.375232353584687345e-03 4.212867291056208302e-02 4.801107019940095005e-02 -5.784699591261701843e-03 7.542232764753654777e-03 -1.169680305394002473e-02 -1.230535060753381454e-02 1.346122553340247351e-02 -6.069441456644767210e-03 1.128985575582536552e-02 -2.031709402906975437e-02 -9.635708100369599557e-03 -2.282072767470316906e-03
-7.488565247569923741e-03 2.567354527000124953e-03 6.300124742170594774e-03 -2.547854392761843625e-02 -1.254291171645553239e-02 -1.563212140113011926e-03 -1.481742482078100137e-02 6.249108202992530170e-02 1.088194931618681298e-03 1.706792702624985655e-02 5.442241524368420652e-03 1.653704077339908027e-02 1.003498085994198544e-03 1.099622647575465399e-02 -1.123123715425740007e-02 -1.685975657044179801e-02 -9.167534240617106287e-04 -8.919791799547186970e-03 -4.611504704475772633e-03 -3.472703510492825690e-03
5.896914109477790177e-03 -1.711734790203810544e-02 1.133722828065188235e-03 -6.025431973956709916e-03 -2.045397233232626368e-03 -2.073281269005964114e-02 2.618295247506322726e-02 1.186898697579592474e-02 -1.570259211036916305e-02 -8.110572385881077012e-03 -6.333013740794127613e-03 1.840110898246934135e-02 3.044045809191197119e-03 5.330416902815087593e-03 -2.781649402380593009e-02 -1.839632438748816864e-02 -9.255857995286286694e-03 -4.796776461724848450e-03 1.141347453937437313e-02 -2.289073965170263306e-02
2.371494262323311543e-03 1.680526690249003682e-02 3.755156926234198226e-03 -4.318702378151691927e-04 3.461958438997584601e-03 -8.539639667637478199e-03 -2.549580669155986339e-03 9.060599045540658827e-03 -3.305166106075409314e-03 1.374521464727270631e-02 -1.352379641676501251e-02 -2.437987418800689060e-02 7.134262761234708670e-03 6.755407770807166090e-03 6.474055911477889086e-03 1.687475458112177099e-02 -9.506766564299455949e-03 8.821833790584758528e-03 5.380951613355443612e-04 -3.399595118822323989e-03
1.972044695926265453e-02 4.745049736458202549e-02 2.385327034661039250e-03 1.239694221690140763e-02 3.549958878458385220e-03 -3.776793149216494273e-03 -2.628815942584590212e-02 -1.931201146853549211e-02 -1.746851094228169324e-03 1.178555249594697742e-02 -2.926263896256395183e-03 2.611977126610895948e-03 -1.478548892296397375e-02 2.085079404250539392e-03 9.153591686432297272e-03 6.326572295087967875e-03 4.912547498501653766e-03 4.248321447556729219e-02 2.005913078347422527e-03 4.578202261588969896e-02
-1.871501291534593409e-02 -3.515804484538317433e-03 1.589326227243090250e-02 2.689599043142072363e-02 -1.511279787581529602e-02 -8.930957477606962444e-03 4.117388270464045728e-03 5.063899180637865954e-03 -2.031706604646075012e-02 -1.985407803244861394e-02 1.734679468661045124e-03 2.568411164423865800e-02 1.164456510171153931e-02 4.690067829821518812e-03 -9.188582553160441757e-03 -1.967174970256559824e-02 2.545288907442602375e-02 4.394792432912424454e-03 2.191482107961880907e-02 -1.861034036365898092e-02
1.463731071701741653e-02 6.741127435942996515e-03 -8.286241062042645072e-03 7.572508772703365199e-03 -1.541462496774203758e-03 1.034608961219979882e-02 -2.917079171025049097e-03 1.354694619614283703e-02 1.289395852557266402e-02 9.336018967794873502e-03 3.091437113901711678e-03 -6.961338818217700265e-03 -1.674340750185293256e-02 1.034696303363635654e-02 7.436826477646043924e-03 1.072885687220405913e-02 5.903897188926994673e-03 -1.284246716702004687e-02 4.941544548858956519e-03 1.371214503301701297e-02
-5.069166538008052121e-05 -2.091651984720729884e-02 6.832742233248183944e-03 2.086278187367843553e-02 1.186974075387733051e-02 1.179175292154584784e-03 -2.191124861658795553e-03 2.361073610435759917e-02 1.292116103189128304e-03 2.235153351017151249e-02 -9.522021050453129826e-03 -6.900873757145908546e-03 1.171744557454845390e-02 6.828389225218967420e-03 5.756116678441355319e-04 -1.254749141505323920e-02 1.613439070507754342e-02 -7.616927228373602914e-03 1.203492689734762637e-02 -2.661812046907181817e-02
2.388494670637353063e-03 2.648937873261063627e-02 3.009070515920256664e-02 1.779198033492543005e-02 2.998754886597464133e-04 -2.229859299367959943e-03 -1.651410673199636345e-02 4.302012255300095150e-02 -2.042580576765047617e-02 -1.563399194100261597e-02 -1.738631596655352413e-02 -3.270853360147554789e-02 1.117681875464210904e-02 3.192749538490888966e-02 6.147251671304098525e-03 -1.362887695134254798e-02 -2.674825313106027249e-03 2.231727475756598716e-02 7.377255125716428164e-02 2.195623042038233417e-03
1.300608940830318572e-03 5.682246137941034114e-02 -7.770109536002866094e-03 2.833880283829723172e-03 1.300927421007136713e-04 4.914956676469335248e-03 2.536878117355566287e-02 -2.245274154462821234e-02 1.936882112459669195e-02 5.852650359838158442e-03 -1.023673415924619516e-02 -3.894180349189529239e-02 -2.796711674510707346e-02 1.438011288664721573e-03 -7.634504485073728003e-03 2.879344821089416251e-02 -3.254267803977151097e-02 5.615686451260809911e-03 4.633958667782081889e-03 7.944699564060998809e-02
-2.004756995538947619e-03 9.033501083122983527e-03 -1.065531740559534689e-04 -7.734563467724037307e-03 1.277002903128645651e-02 1.291334810478138827e-02 6.661153062569250514e-03 1.069163972283045105e-02 -2.348883425940991639e-03 -1.563779647727250866e-02 2.362784006179113796e-03 5.930096214267497126e-04 1.013597714640311967e-02 -9.491663515920296945e-03 1.208685541509113733e-02 3.358242371297837960e-03 2.639538240197302887e-03 5.941172304604845460e-03 -8.035818730443526972e-03 9.174317509297156073e-03
1.987624645320854727e-02 -2.118482844382566996e-03 -1.885341817593511743e-02 -3.735623673239873987e-02 6.559204409746923793e-03 2.023482512062526467e-02 1.487909884141144432e-02 -1.529069093487524060e-02 2.010056626762466922e-02 4.334054903712651965e-03 4.047238409939872940e-04 4.256888716014064350e-03 5.268069567068743748e-03 -4.167761912607665514e-03 6.805964225581093152e-03 1.459400229805440756e-02 -1.351375546412031566e-02 -1.153936424284974713e-02 4.323674667722380649e-04 -2.281944704529663501e-03
-3.349999770270965273e-03 4.301326580070602944e-03 -1.255524066323325571e-03 -7.056620373243845980e-03 -1.563904298784268843e-02 3.148313380194887184e-02 1.281439982360883280e-03 4.835334708491226242e-04 -4.283357694558167714e-03 1.693940933423195017e-02 -5.968083813954316169e-03 3.099976723195375580e-02 2.467252220588269946e-03 3.984154016017106537e-04 2.998803726056287547e-03 -9.822388166282766675e-03 1.134771540177298942e-02 3.244685844304202871e-02 -5.159116440601128548e-03 8.005350297542151560e-04
-9.328732610743397866e-03 -1.919006240755498447e-03 -4.353088651003114880e-03 1.973167698017874033e-02 -2.097020768507227694e-03 -1.355257022501266118e-02 3.871993487369698207e-03 -2.351177517637914952e-02 -1.192211831138970460e-02 1.275678543586155136e-02 -1.000544162152777923e-02 5.945755457351512008e-02 3.634447855690947637e-03 8.221859108192864155e-03 -2.838431633206594997e-03 -7.440665335967392748e-03 6.762046490204311894e-03 3.731099027920318362e-02 -1.478044051725862021e-02 -2.403205318006678120e-03
-5.075899836476040379e-03 8.973120573510502337e-03 -2.117509437010839379e-02 9.341910467504327062e-03 -1.405462601616171842e-02 -5.836386190720789686e-03 -8.939384660803033691e-03 -5.759552555214069412e-03 1.798808339263374689e-02 -1.191978905552930519e-02 2.282092095497587764e-02 -8.688573895779492032e-03 -9.409689280345667414e-03 -2.707027276790151000e-03 -3.641775374182032021e-03 1.297165538245902659e-02 5.410841575370522495e-04 2.503310163464048110e-02 -1.301265322327735917e-02 1.820213063356103736e-02
3.878237831047332169e-03 1.267252108907389492e-02 1.440425835767962168e-02 1.336774784518454315e-02 5.226324593412837172e-03 1.284380372590356555e-02 2.170477771958337354e-02 -3.325610713974722771e-03 4.641725767562280419e-03 1.771374405227968060e-02 6.592919535406553330e-03 -1.314155276989495760e-02 -1.986877657245901194e-02 1.464644133244778247e-02 -1.550615268804168834e-02 -4.779825126341205425e-03 1.235104917171155579e-02 -8.097925873740233552e-03 7.373236015446961444e-03 1.051533505135763408e-02
1.897077919035720407e-03 3.231621994656856504e-03 8.377607588938402409e-04 1.794138042212883822e-03 1.532241549722999918e-03 -1.542288847166871596e-04 -7.695319018808113865e-03 -4.995093729039170975e-03 2.429254782649336100e-02 -1.196489162864133697e-02 -2.126812850084264933e-02 7.662814835400635167e-04 -1.178827513860819477e-03 -4.523123808032002841e-03 -1.017434738253649579e-02 -2.390936584196506898e-03 4.437531483198150530e-03 -2.860520414860011438e-03 -1.052135960720438496e-02 -7.622683338215874467e-03
-1.323509382806421168e-03 3.056769958772433821e-03 9.101668715821572414e-03 -3.241730234448050342e-03 2.317559931832669645e-02 -2.029022999667169473e-03 5.244974497538392767e-03 -9.888277806430629743e-03 1.486669106668190264e-02 -1.970390579860262573e-02 9.961914830189627645e-03 -7.419487337810453872e-03 1.641380246382408148e-02 1.294330728099665241e-02 6.049255683070039677e-03 7.159029332362857635e-03 7.233725459353021643e-03 1.748773888046619221e-03 -1.299040085653933863e-02 4.811862448674217654e-03
1.966140409955587781e-02 1.850562946455803744e-03 1.146437256042553803e-02 -1.003704945006805675e-02 1.152897822118758263e-02 1.260893411321093935e-02 2.809354144117104032e-02 7.218385948505334944e-03 1.310839287835927243e-02 -1.042255103821600887e-02 -3.223378844101855629e-04 -5.069445188311630726e-03 -8.237346065459378794e-03 6.937647520169700627e-03 -6.019261578648583619e-03 -1.531002519123320603e-02 -1.362396390331702990e-02 3.924777669801539706e-03 -3.554957610900284001e-03 7.638041629765312309e-04
1.487318411725581206e-02 1.906844498662178811e-03 1.139965263206865059e-02 2.181664366682918663e-03 5.142619443460875626e-04 -2.787770399545588113e-02 2.463557120784761953e-02 -1.644649582883438849e-02 -2.416891932765436249e-02 -2.297335264948834402e-02 -1.004933609289468226e-02 3.568733408145495500e-02 -5.439148761135275019e-03 2.194451258043458169e-03 -1.495665788322213946e-02 -3.257253746642790448e-03 2.851406386171455656e-02 2.473682650619234494e-02 -1.617836630677603124e-02 7.066575572801037791e-03
8.912165884552281786e-03 2.839208371601225148e-02 -1.637079753431625387e-02 -4.371907221467988443e-03 1.223310870758900987e-03 -7.660682673830767481e-03 1.699791879699999236e-03 -8.687638453020476298e-03 -6.382927969822757737e-03 -2.198018418627185888e-02 -1.424028284216957360e-02 -1.621717934137394471e-02 -1.122096815086310456e-02 -6.490336056810589414e-04 -3.835413747463172277e-03 8.703286849104086703e-03 3.485691909186056699e-03 1.269238390114995826e-02 -9.476614551329523226e-03 3.324695361712206448e-02
-6.866332287958229474e-03 6.267582722592189050e-04 -4.718558005719764373e-03 -2.799327341793966459e-02 1.782575753396734713e-02 3.734078264485530315e-03 1.066379188972006557e-02 2.349741184259349774e-02 -1.500084932659472188e-02 1.311830562479081308e-02 7.313629019962671583e-03 2.681533172160633846e-02 5.167218266793932764e-03 7.271205141137358947e-03 2.776032433616842411e-03 4.230028406928121668e-03 -2.664756771659026330e-02 8.254815454440216776e-03 9.245125468479302097e-03 -1.074979522621268176e-02
5.771162996410499069e-03 1.941006370553707838e-02 2.740498124096364674e-02 5.969528593665678062e-02 1.124244945506334102e-02 -1.860264049438621614e-02 -3.528075874997504968e-02 2.308284302336649062e-03 1.445444724053066357e-02 -2.220907429524329128e-03 -6.597659092106500020e-03 -6.822177553692279108e-03 9.819173963582592674e-03 -8.023890165038861585e-03 1.966639466760742097e-02 5.057789395866384846e-03 9.998726670216642048e-03 4.668303007762607260e-02 8.238202136390707780e-03 3.009458606183718771e-02
2.460250030610429861e-04 1.747512506362830509e-02 1.604997151133370943e-03 2.622739004188697973e-02 -2.405713082363643111e-03 -4.881636822533526169e-04 6.914085679777270434e-04 3.691028781599681955e-03 5.694984693396774184e-03 -1.463608927806751836e-02 -3.861572231518899719e-03 -5.394059427037722551e-03 -5.907925438842076896e-03 1.869892646118993113e-02 1.597222737595080638e-03 1.590337420482799621e-02 -2.849589873400303498e-03 1.366647702740144419e-03 -7.256419270979249194e-05 1.317588061637818293e-04
-1.435131914187064150e-02 1.541931421332571987e-02 1.811835754934076198e-02 4.879988491508372231e-03 9.893643789928605742e-03 8.028417819710004233e-03 -1.041809487536109538e-02 -1.080283137982023835e-02 3.134549685551879083e-03 2.849991782487897897e-03 -1.265276475193228764e-02 -1.159643728168289166e-02 7.479052767085261552e-03 3.884148837768827862e-03 -8.718790855273576487e-03 7.000542372587574731e-03 -8.732163970583753376e-03 -2.258241266780180653e-03 9.727260038966024577e-03 -1.701353427705220439e-02
1.175565278426000775e-02 1.024129364852116759e-02 -1.674110123129232339e-02 9.740826998089332708e-03 5.354037271936546924e-03 -2.181302084944595175e-03 4.030420772398531776e-02 -4.003200802553970490e-03 -5.167615102073268209e-04 2.443463467662891977e-02 -1.653766574740323566e-03 1.222482138337991145e-02 3.730884313748650174e-03 -2.994265762858430800e-03 -1.967475157821781465e-02 -3.472783395959163147e-03 -1.208135443485245687e-02 2.923222715915847064e-02 -7.475271360525969234e-04 1.988643035327944744e-02
6.268159303279809613e-04 -3.595252890681305789e-03 -6.237203707243797572e-03 2.766523529521424545e-04 1.377459038199630587e-02 -7.927742295975669096e-03 9.675240032112026678e-04 7.044045306191358373e-03 3.198216209717771874e-02 1.732174176102287480e-02 -3.098859904244503916e-02 -1.781196752672861011e-02 1.446708150572028305e-02 -1.754868568042047827e-02 6.884802815171528999e-04 -6.099689129473561365e-03 -1.156829771170627373e-02 -1.176994627185555878e-02 3.594442751991345272e-03 -7.391698288476045067e-04
-3.044948156767755907e-03 -2.618789733553930285e-02 -6.817914379636267307e-03 -2.094597786289122132e-02 1.013097103485262329e-02 7.919777558407370063e-03 -9.380081105715384546e-03 3.015520162710444430e-02 -1.095052236645063445e-02 1.280411993810132501e-02 8.081161921445940283e-03 1.036661898237886334e-02 2.354430205061622608e-02 4.837535180684645643e-03 -4.647128260607980010e-03 -2.483431863549290242e-02 -7.760989902465416021e-03 2.546362423257760368e-03 -6.131829099802000964e-03 -2.052123125540453522e-02
1.886567979455279487e-02 9.026215872435874171e-03 -6.616866315634314585e-03 1.263100488014734513e-02 6.628143988095080551e-04 1.206198197299713365e-02 -3.903166518743417593e-03 1.763583608822280602e-02 1.615666912005623776e-02 -1.621909187139693870e-02 -1.229494999388916834e-02 -2.651631639584599905e-03 4.912992317757268121e-04 9.302996300882970457e-03 1.595309043118704403e-02 1.129094992947532808e-02 7.879014348070451090e-03 5.067877049710789450e-03 5.306585391349233349e-03 1.940019511714520875e-03
4.250521398867628323e-03 -4.161205843937946722e-03 1.629712602438508975e-02 2.207304459111628786e-02 1.388892875006004016e-02 -2.023558073335752008e-02 -1.051414242663916906e-02 8.968200270421201881e-03 3.272711885507471885e-02 -2.853235761656022079e-02 -2.416912510458680066e-02 4.964024670155155368e-03 -8.260694040692781459e-03 -1.008220637836986823e-02 2.947031335099407900e-02 -9.913382172866245720e-03 -1.220805786183652014e-02 3.520800128355842246e-02 3.790589660962179197e-02 1.302719747393276534e-02
4.157163192297317136e-03 2.624398535919580857e-03 -4.658271421212716902e-03 -3.054288363906328303e-03 9.543248218203086511e-03 -1.737352518993933240e-02 -1.959794635383391246e-03 1.474468631530283062e-02 -8.959923531226867896e-03 -3.824333380900077611e-04 -1.821925125465116008e-02 -2.852945787854164680e-02 -8.803749102278830840e-03 2.171587571239032202e-03 -4.563671078995820349e-03 9.829021928985765769e-05 -7.184191344606565867e-03 1.290020933214199028e-02 1.795537233807523170e-02 -6.537372040389208966e-03
-1.190748054348793328e-02 4.063833897049433201e-03 5.975312128795679184e-04 3.847201020444722484e-03 1.486017433048830716e-02 -8.021680669124687732e-03 -9.480067309483017346e-03 -6.380766737053732672e-03 2.218727164753714776e-03 4.292437464864138144e-03 -1.595992857050103353e-02 1.042976114189930574e-02 1.006206222699636797e-02 6.908720098318686664e-03 5.341601555558743615e-03 7.980416952861574958e-03 1.883027330586815309e-03 2.224954064964843742e-03 2.929843041199364784e-03 -6.186305933054143946e-03
-6.747512531270119691e-03 1.401496873163978266e-02 1.771699997999302140e-02 -1.616136649603028969e-02 8.507734898634656357e-04 -5.626101645293004033e-04 2.570013654696686953e-02 1.193258447657562574e-02 3.433562956419847212e-03 2.212849309715455778e-02 3.887371838963691359e-05 -1.748834700090476368e-03 1.666883145759672988e-02 1.458559540849676747e-02 -2.889373435794350894e-02 -1.595026508474570864e-03 -7.231685928186830196e-03 -5.033606967710035733e-03 2.503684259194580847e-02 1.619415828030879717e-02
-7.785059153171975527e-03 -7.041319253906544104e-03 -6.594313564522041177e-03 3.608148870316388659e-03 -6.100196900200650137e-04 9.666091514551136427e-04 2.572084877042914164e-02 -5.869587623207603473e-03 -5.373099581660482904e-03 -5.541476186546524796e-03 6.482480293120683208e-04 2.310248856465909120e-02 1.003414937150826948e-02 -1.911605402123933012e-02 4.803207390723236193e-03 -8.471228156431875184e-03 2.710387560010569727e-02 6.065976528163899602e-03 -7.290992104997523308e-03 -7.144547244010265342e-03
-2.191225418044704960e-03 -4.856915174315608666e-03 2.185667859132359950e-03 -6.018045782887755137e-03 -1.320634876395359800e-02 1.727230412834984685e-02 -3.047972521892697816e-03 4.187472143830715809e-03 1.504272880789643725e-02 -1.387108056126910101e-04 -1.228849239818008247e-02 -1.380958482076379001e-02 -3.660177428696754717e-05 1.287498720164930756e-02 8.035691665251021992e-03 5.083985500827547035e-03 -1.646512351623891091e-02 -4.864248094367187511e-03 -5.396538360393690788e-03 4.147545686243029293e-03
-1.253521223043529021e-03 -1.484788843211084196e-03 -7.786549439157110231e-03 -1.259669957268333591e-02 -9.932062192191754772e-05 -1.055742004440211185e-02 1.159912871556764181e-02 -1.007895792874276449e-02 -8.721271652896489535e-03 -5.187006181340575450e-03 -9.216553753474144781e-03 3.259024524658959195e-03 -9.026813018531986994e-04 3.768353945597240594e-03 -1.284889179387787260e-02 -6.557421470242963402e-03 -1.554451871356411601e-02 5.973810729130716224e-05 7.103603516708733960e-03 -6.527924916712854984e-03
4.024597420953931332e-02 2.472014855751492046e-03 1.978067039478536432e-02 4.588663793880435465e-02 -1.009036179364987428e-04 -9.759908589566206050e-03 -2.083743885464142687e-02 -6.524497079128473501e-03 4.072287000394075179e-02 -3.092118752108747714e-03 9.688396240920884315e-04 -1.574318120307902774e-02 6.106680723016214788e-04 -2.486917191400239355e-03 4.379591309749578110e-02 3.403075412133280391e-04 1.496491939812281133e-03 3.505377683438152397e-02 9.716405665791226845e-03 1.438267253758444310e-02
-1.024792454706833014e-02 -1.446862646055764264e-04 1.135216831606258511e-02 2.954940277993253501e-03 -1.002583216847921163e-02 -2.073877535490331256e-02 -8.977627869993078189e-04 4.937227595258897490e-03 -2.906563103416779075e-03 -1.895387862894617852e-03 -5.199482818052537231e-03 -1.589528349235154459e-02 -5.055578920517755578e-03 1.405491979960831698e-03 6.075761410431421324e-03 1.171979337914592738e-02 9.079702474541042137e-03 -1.527471599441670470e-02 -1.069314910610384521e-02 8.201851933331043981e-03
-3.370441637369948223e-04 3.379920974005547023e-03 3.936590543289827417e-03 -1.906482448677766089e-02 -5.294522924414336168e-03 6.243716417601461940e-05 3.379451797841732247e-02 8.359677385867876967e-03 -1.435855099232610094e-02 1.864930909242772106e-02 -3.774786160528931754e-03 3.466833398041452990e-02 -5.983521598483426446e-05 -6.888017978112013009e-03 -1.177440129462404943e-02 -2.941414623788522840e-03 -1.802799284773448640e-02 4.512413331592171964e-03 -2.027662668771895715e-02 1.455944335238589654e-02
-4.321228165092688527e-03 -2.317081790303431379e-02 6.268811415973511714e-04 1.615378783540532756e-02 9.162745051412967280e-05 -2.520005983355724614e-03 -2.953758298402869853e-02 1.436355621996594258e-02 3.022020085181693211e-02 2.014428152685840065e-02 -1.734120430545566319e-02 -5.130683996860761070e-03 4.261354046731738454e-03 -2.160302671320849313e-02 3.871712038666452749e-02 -7.126207690864229394e-03 5.714306609546515592e-02 -5.315256973251548250e-02 -9.833873058721192759e-03 -1.289551584904823425e-02
-1.196468357086253806e-02 1.167628417118199424e-02 -2.985113469259452219e-03 -3.156989144662970814e-02 2.576193776939151095e-03 3.970410908064452016e-02 -1.058815424343084038e-02 6.215056019060833520e-02 3.058251173980773216e-02 2.792879297106038231e-02 -2.496110021286160070e-03 1.928471555319567071e-02 2.273899259286308802e-02 2.982523945695455050e-02 -2.076656813869180371e-02 -1.615527625041152104e-02 -7.889394187637602598e-03 -1.709552605900259425e-02 -3.931238152166818822e-02 1.020254101552442103e-02
-1.715210501281923608e-02 6.907811346378473459e-03 -7.211958919914791995e-03 -4.541013762398871459e-03 -8.035810655124646373e-03 7.649730828191756045e-03 8.011074930975862346e-03 -1.015420400709394870e-02 -1.826651775804264896e-02 5.567716675562585371e-03 -2.058480867707373520e-03 -6.299387589548588809e-03 -1.934516106881440604e-03 -4.275345355299149316e-03 -2.112681316519581312e-04 -3.667926952087063115e-04 -7.235745133735377831e-03 1.080749048326088563e-03 1.473333331398074542e-02 1.571684505942905902e-02
-1.601609468797365009e-03 -5.267005903346924124e-03 1.142574991954576485e-02 3.966772363664461398e-02 -9.385511611493054136e-04 -2.604986959035266239e-02 4.778343635647892135e-02 -1.087356674283483648e-02 -4.632474101602232844e-03 3.658935110979626149e-02 -2.000787750033954093e-02 -2.737357430630937751e-03 1.276771456590190985e-02 -1.238161780964857836e-02 1.428279447467618000e-02 7.809289793707584540e-03 4.277008711072870922e-02 -1.462141568403193398e-02 4.308841952734823733e-02 -1.889324850827467719e-02
-3.563570848896260423e-03 1.241505172955198119e-02 1.248498998319047450e-03 7.920249495359893378e-04 4.269436033226353677e-03 -1.004301905869582796e-02 -1.599707488436312572e-03 1.196470243397235872e-02 -5.820863339379245965e-03 -4.084223266068619934e-03 -1.084630528460225202e-02 -2.766832597036911548e-02 -9.439043242826825964e-04 1.798498535879361135e-02 -1.509392565454110470e-02 3.935829307479415257e-03 -1.372488324898665096e-02 2.497625986519008343e-02 -7.663897872145647612e-03 9.554162009107457568e-03
1.537700868267160084e-02 6.638876778302704555e-03 -5.208505151097829987e-03 -4.660246117049227088e-02 -1.153493890077591892e-02 5.668521715823036933e-02 -9.265160444505031456e-03 3.698312736043454091e-02 7.912766941463227066e-02 7.531225948053010127e-03 -1.658025521390128765e-02 7.273855381775932126e-03 1.483241886778023308e-02 2.337144922438103012e-02 1.695008508541100134e-02 -2.689863470263313336e-02 -2.347355075612907876e-02 -1.104399040288254856e-02 -2.870933502876129445e-02 2.248090416887136081e-02
7.111895289077625141e-04 -2.132312558999097801e-03 -7.190960316366789250e-03 1.633796418249879728e-02 -1.194013188451874090e-02 -2.040691396736378851e-02 3.114912963599167015e-02 2.789068589206914264e-02 -1.341310707158685500e-02 -4.748934303063298426e-04 -4.328375466750778409e-03 -4.419011215025039040e-03 -4.709240346659749471e-03 1.079739497663648705e-02 -3.624795708799586399e-03 -7.042415442665511671e-03 -1.063246959704243488e-02 2.135038504107792182e-02 -3.791167539338895394e-03 -7.071802675559926005e-03
-1.284710327121746549e-02 2.253352224263509979e-02 -3.359441946382692168e-03 2.391546182738946147e-02 6.678507831151529739e-03 -1.109866735175025175e-02 -2.999307584456056136e-02 1.606261083095759934e-02 4.424617953925812086e-03 5.588039319633011925e-02 -2.192262106699816721e-02 -2.746108996400364183e-02 2.310650039314183883e-03 9.160143811055058982e-03 4.683205726947077367e-03 -2.903755642152450623e-03 -1.173941323474953294e-02 1.006663205767312046e-02 6.162069797469984372e-02 3.167305331311289635e-02
-1.687155355782534588e-02 5.391929537864535195e-03 1.312706864230957053e-02 -1.762737714782546330e-02 -1.963845124163973027e-02 1.311624884776810100e-02 3.077738966036450141e-02 2.142416591035959175e-02 -1.754302159480998144e-02 -5.440221831894012303e-03 -2.331801829727103530e-03 1.777738737402034461e-02 3.023283599087671272e-03 4.069215836019868075e-03 -2.521247169737295818e-02 3.260276508002400014e-03 -1.464943164336171642e-03 -1.502318695659574793e-02 -2.162053794884911517e-03 1.492881661335172458e-02
-3.752548985670636338e-03 1.685917270112195429e-02 5.632570406706091486e-03 -1.482875095296336786e-02 -1.662178966648331785e-02 -1.002678681244211986e-02 5.047430957717821166e-03 2.612930594815229129e-02 8.341074507219648632e-03 2.968472216607237132e-02 -5.166736746203452225e-03 4.682519654628149001e-03 7.761978678148511411e-03 2.969017594232297580e-02 -7.355150665689481372e-03 -7.379816074988764310e-03 -1.003025804625910268e-02 1.123675786003839293e-02 1.629517398101357553e-02 -1.128546617371850060e-02
-1.603394920161910165e-03 -3.405742880382305049e-03 1.285364774058487917e-02 3.702508823087373446e-02 -6.333987226650413839e-03 -2.087043199102726551e-02 1.923080088475335320e-02 2.329916201335099912e-02 -7.927722561454932787e-03 1.185980963307065386e-02 -1.953919973727068563e-02 9.400259314881328696e-04 -1.174900247351040030e-03 2.382055372054219574e-03 1.203095536411710569e-02 -5.456037042858964160e-03 2.690930867533656776e-02 -5.979213608358775398e-03 6.508301597409633932e-02 -2.959352621787957396e-02
-1.304073581011764259e-02 -1.458999603886210368e-02 5.395442207129950637e-03 4.116295088528097723e-02 -5.405935337975325411e-03 -8.224038204336089203e-03 -9.729361303592672008e-04 2.354742898047208419e-02 -2.216102666374613478e-02 8.358875626325588601e-03 4.769500345939590644e-03 4.766944477644447821e-03 7.256107904622824921e-03 2.084680421706211397e-03 2.706125201706780815e-03 -1.834314330524840567e-02 3.053569268165006248e-02 -1.214059276790213811e-02 1.741254017211688737e-02 -8.099844334694525274e-04
1.134926550833700344e-02 -4.925802735563825085e-03 6.855834256621009051e-03 -1.617411250879622828e-02 -1.251291594137026245e-02 -7.011196263320474721e-03 4.670193727698922909e-02 -2.132016090865824012e-02 -8.694773148205169749e-03 -1.295926414091241527e-02 3.702667293346307512e-03 1.887932253650645778e-03 -9.571875515308430130e-03 -2.036103996229032473e-02 -1.395629939550587732e-03 -1.111220873068545674e-02 1.937418916727349366e-02 -1.399324121462185502e-02 -5.522479788486428336e-03 -6.109275999156482326e-03
2.366763649333213093e-03 1.322778704931666660e-02 1.997120932933370979e-02 5.727570948772605156e-03 2.653447046033310941e-02 -1.628279642117743189e-02 2.475270085870574094e-02 -2.609131098587402775e-02 2.601461897457936490e-02 -4.297209963406922739e-02 1.566505704713503158e-02 3.771612787692027458e-02 -1.116068168935028951e-03 -7.629281353878618159e-03 1.093688568778544180e-02 -1.457304719055470786e-02 8.914431823629711746e-03 3.226389766237811041e-02 6.074808360090495733e-03 -2.380578078009549375e-02
6.241240017063063965e-03 -1.137508223882940234e-02 1.722210663980247233e-02 -8.084138251677332881e-03 -1.157127681442651594e-02 3.336730469852338451e-03 7.222742705444944178e-02 -2.363268715863254751e-02 -7.204265869725633153e-03 -3.449450612636807689e-02 1.475760274410363969e-02 1.190120292277980531e-02 -1.788781674595532264e-02 -3.669246226624756860e-03 -1.155473892426991077e-02 -6.827907561305951618e-03 -7.337042511437463777e-04 1.798934574257026993e-03 1.160202540848706554e-02 -1.404966720396627795e-02
9.131425377928593240e-03 -4.517364610915094829e-03 7.987242370319514936e-03 1.407475982012658215e-02 -3.418062853895462508e-03 -1.383183817893878474e-02 -2.946909377164749419e-02 -1.139848585793721766e-02 2.307463520393968071e-02 -3.962645248768575067e-03 -4.837692266156876260e-03 -2.833453540476982280e-03 -5.037430710341924897e-03 1.586178819063322615e-02 1.068032423746052666e-02 4.685883523095784632e-03 -1.428475966711680555e-02 6.205155095586719488e-03 1.009343795279921824e-02 1.504416296114380325e-02
-2.891025371221570385e-04 1.334142865926522641e-02 -1.534906887797899723e-02 4.423218967044362931e-02 9.061482409543930930e-03 -2.928189852537137899e-02 -1.272217275460378258e-02 -4.680510797758793626e-03 8.473420294336595632e-04 2.347300601982917415e-02 -2.291991900726799911e-02 -2.392764393403073661e-02 -1.166233338667515759e-02 -1.538899976342540839e-02 5.388324186289967718e-03 9.143113191269158085e-03 8.077793534337318962e-03 8.816524825659794937e-03 6.888873368295096895e-03 2.339265752464205969e-02
-5.761363982445796622e-04 -9.386575272003689838e-03 -7.015311924482577934e-03 -1.070172499751681841e-02 -7.100067148706164406e-03 4.380646381262136638e-03 -3.525223793492742071e-03 8.194260049760565545e-03 2.393279870887424221e-02 -2.462242377256360082e-02 1.318914053356010606e-03 1.071750447537226161e-02 1.722915923941246638e-02 4.024436928706970860e-03 4.260838842558459932e-03 -2.308870885587501615e-02 -2.084139744856696938e-02 -8.738813072909336344e-03 -3.190386683342114060e-02 -1.157109782659437869e-02
1.824835804315179909e-03 -1.668090591780322166e-02 1.581685854184350197e-03 1.970400783663461483e-02 8.553152944230067029e-03 -1.939569377754541898e-02 -1.665372367634205750e-02 6.532488195991353885e-02 -1.329066658093002590e-02 4.466002581513098257e-02 -2.580951166225494472e-03 2.385819018545881284e-02 1.377322244937416278e-02 1.885354115119081131e-02 1.037994003460745562e-03 -2.074148807387913435e-02 1.984619271662618409e-02 -7.293135433860523098e-03 -2.209200763074784662e-02 -2.594438343921011761e-02
-1.909680408280233811e-03 -1.142640470205048137e-02 2.701800221426722132e-02 -3.566652503082755592e-03 1.288182761607051079e-02 5.935946245587963264e-03 4.129551409388502667e-03 7.175217454965590602e-02 -1.318420866110293910e-02 1.409181871040834748e-02 -3.461699443532468071e-03 2.051586275719317551e-02 9.938906190359744416e-03 5.654335588797037952e-03 -1.031644256121129824e-02 -2.624110850078567939e-02 2.590739938960605337e-03 -1.787339832714105597e-02 -3.547066714358566852e-02 -1.698019684036138760e-02
4.522597347998279921e-02 -1.335799291888938294e-03 -1.746049613248099389e-02 -1.536750280546710437e-02 1.881752203263571677e-02 4.719695332576947632e-04 -5.541548988874708120e-03 -1.372662420923635327e-03 4.805690429374095268e-02 -4.177553076276210690e-03 -1.115990705778292444e-02 -2.741823769022731436e-02 -1.303331721534275837e-02 2.392498070822280179e-03 5.491551125679602907e-02 -2.618819373328799480e-02 -2.703695182474841197e-02 -2.369966859620136965e-02 -3.494851868221691363e-04 2.006906674288096507e-02
1.274639283445260472e-03 5.327806070688209661e-03 -2.697596649692127809e-03 -3.647241846777302642e-03 7.020550471447131735e-03 -4.154981854089895461e-03 3.181904779388089813e-03 -1.112354107063167827e-02 -1.174193775202147724e-02 -7.089674401275358230e-03 6.608506520994672853e-03 -1.108795469208595898e-03 3.500812286845921429e-03 1.031066657071218542e-02 -3.869749765717273460e-03 2.031925138081892672e-03 -1.620572519841964208e-03 4.826528424754663151e-04 -4.705091778468294822e-03 -2.416308117335114972e-03
2.255456214843559043e-03 -8.008591508357261468e-03 2.665139072754978220e-03 -1.897891947191387985e-02 2.386157108780574687e-03 1.775773303475235501e-02 1.894264082247523739e-02 -1.081629270315642710e-02 3.604469431559752940e-02 6.475033002094160613e-03 -8.464666353830752055e-03 8.371052164327404468e-03 1.248243706761450154e-02 -1.127815106200441781e-03 -1.061282995595874169e-02 8.389335193555468029e-03 -5.615231932099258930e-03 -4.607196851399292248e-03 -1.204722708937362025e-02 1.396671262432238464e-02
-2.577832460114957980e-02 3.037088089044607045e-02 -2.875566512054395299e-02 -2.771539647911954243e-02 -5.636203070246064394e-03 -1.004940637678534629e-02 4.039017787544998961e-02 2.731981163853953662e-02 -1.772258347031754194e-02 3.566190813532921916e-02 -4.173747889441407899e-03 1.417564771180699484e-02 -6.914229022849757711e-03 8.606778927167680129e-03 -2.562332274074387989e-02 -2.671289923016352888e-03 -1.388057312037256630e-02 -1.104281856146740147e-02 3.040511766303898716e-02 4.706192564861245986e-03
-5.500296191949054746e-03 -2.631864947631945909e-02 3.729628292402969482e-03 7.548834988679015319e-03 -6.285021303926423102e-03 -1.157061311133329370e-02 8.131911830136785398e-04 2.936470918012739836e-02 -1.420351118286529088e-02 1.621525819992203354e-02 5.814118663283282962e-04 1.057106541036736264e-02 1.110155065198263798e-02 6.097274932076484320e-03 6.658264303289293529e-03 -1.640802537792459452e-03 1.983196300049031024e-02 -8.529270589447331477e-03 3.052283593874740002e-03 3.751612964440521024e-03
-4.542187769703166268e-03 2.505951320966001705e-02 -1.533520407941863645e-02 2.813934460730777021e-03 8.858217938079584325e-03 9.846205140291297911e-03 7.092696603977986444e-03 2.268000612145555216e-03 -1.163663912679036710e-02 1.318953586964441982e-01 8.496291284470228189e-03 5.797884334215362701e-02 -1.836031310596823122e-03 1.625993194690453572e-02 -1.005047134840220298e-02 -2.630521331717844760e-02 2.397547042265812597e-02 2.323333962949396952e-02 -1.071514856471844981e-02 -2.376720094425057318e-03
3.255228100213248491e-03 -2.457403759552629838e-02 -1.909574492953405173e-02 1.602080564054702769e-02 -1.204134268426049897e-02 5.788462969752752353e-03 4.183845007461767934e-02 3.614041451678965192e-03 2.484563773433461423e-02 3.804012827030540250e-02 8.160578906596856544e-03 -4.940418553428276710e-02 1.379611770256124019e-02 -1.011973504929025540e-02 2.376600562004792944e-02 -2.594822117927912328e-02 -1.229175846175237230e-02 -4.889651011969599337e-02 2.626096253309105968e-02 -2.367276271012359184e-02
2.974959347449627686e-02 -9.471644840421428180e-03 -5.599520135466132210e-04 8.691193073926156698e-03 -3.213987236481973507e-03 2.977663051643797930e-03 1.929588357598824994e-02 -9.201634674085074420e-03 4.559899308031283016e-02 -1.858479266077885453e-02 1.086003272202488816e-02 -1.693058970063574323e-02 -5.945139658940727830e-03 3.065378800155500565e-03 4.040085113300415781e-02 8.928665385469429071e-04 1.253503656731633047e-03 -1.950623719028141481e-02 2.483482561810088085e-02 -2.208774339759875596e-02
3.925411911182293857e-03 4.139812558035078742e-03 -2.635383707277010219e-03 2.066479348144523165e-02 -1.138148578222114397e-02 -5.102203679803228066e-03 3.568627754286027298e-02 -6.896452928423492564e-03 -1.852477902061001880e-02 -1.745910580607318296e-02 -1.736242437238596711e-02 2.823460680934987074e-03 -6.366242405575870018e-03 -1.333864291418569367e-02 -6.960524797090658286e-03 -1.255377747267622836e-02 2.818788823558369527e-03 -5.797464530905255091e-03 -8.883751299401779905e-03 1.499701887789565979e-02
-1.801431737061945718e-02 -4.113451573051567743e-03 2.304345840128112916e-02 4.471014755990113110e-02 1.125447569390790326e-02 -1.050974805271349434e-02 -3.142057638267798519e-02 -1.513641923156104109e-02 -1.567615853558389921e-02 -2.980259975377289386e-02 -1.694704302382414943e-02 3.924211218727093747e-02 9.396630312379167997e-05 -1.623183904885761031e-02 1.466403824609656403e-05 -2.051074941791351455e-02 2.088369899029306892e-02 2.204866216226806022e-02 -5.287752553193392734e-03 -1.026037105274546328e-02
1.298882847951267523e-02 3.201160459871223163e-02 -2.550383833352503141e-03 3.157648699752843569e-02 -9.068545431426864407e-04 -1.802220741055398506e-02 -6.012961689226987809e-03 -2.231718178004267125e-02 -2.029888644235124540e-04 -6.582291496045959180e-03 -9.651026733872152333e-03 -3.853801664287998668e-02 -2.183541449182728553e-03 -2.429487824414642422e-02 -3.298916391083411576e-03 1.552760435665583548e-02 1.071155045182300460e-02 8.282706872762612971e-03 -2.639902756520714003e-02 4.902932424765323732e-02
4.707082629529291996e-03 -5.104227215248190175e-03 7.239423832416934899e-03 4.833641038579986060e-03 1.636369020136018912e-02 9.062317583669782933e-03 -9.205636633036112793e-03 1.487115665055201152e-02 9.203584982897309447e-03 5.858533197431616164e-03 3.938538738837530110e-04 3.535492608977645326e-04 5.126097453234533703e-03 -2.758041440894240959e-03 1.859624929696070822e-03 -9.675769907386187751e-03 -4.871988073487208346e-03 -2.355639930273085211e-03 5.333486925196823797e-03 -6.425836198733140062e-03
-2.010444815089398440e-03 8.273660840925829360e-03 1.948313833387600724e-02 -1.412942260288337906e-03 5.565806546309787738e-03 1.016779120277979710e-02 1.693798535820660936e-02 1.787851548057831433e-02 2.258699972818755536e-03 1.198585637280696545e-02 -8.009488331788687174e-03 8.478757766255692538e-03 -3.300971341196292774e-03 1.592789519809117635e-02 -2.005648967657060883e-03 -4.981234412441535968e-03 1.543686777455594364e-02 -1.164932030943543161e-02 -7.559569239756067788e-03 -9.964599437756394701e-03
-9.168858931489377168e-03 -1.107819023431868763e-02 6.522452771949003615e-03 -1.322211949058645954e-02 -1.649692067985250934e-02 4.414615527332585573e-04 1.878116821925625984e-02 3.193270366918823239e-02 -1.279388884744102339e-02 -1.149726713188575951e-02 2.482144421128910320e-03 2.445876808066665270e-02 -5.210528584357782510e-03 2.074272717684967626e-02 -7.378141709761424499e-03 -2.298857120204304827e-02 -2.479387164339133878e-03 5.930641544411952536e-03 -1.513620389605249694e-02 -1.918016611381224328e-03
-1.115170311589557938e-03 2.517103056531442857e-03 2.016175235554947334e-02 -5.865575240201616886e-03 -3.623752795042384407e-03 -2.351413892426370764e-02 1.061040425549175104e-01 -2.513715851476203827e-02 -4.088318864168877936e-02 -3.440976672214382526e-02 9.430741724243187421e-03 1.066359102880497928e-02 -2.164669314574674264e-02 -1.421244447585223551e-02 -2.230716349595271777e-02 -1.909649744130423668e-02 3.002646275380094210e-02 5.127372458542918746e-03 1.591356696802299214e-02 -2.189040538333080627e-02
1.825383727484880536e-02 -3.753091163510219319e-03 3.077744127682298641e-03 -2.007352483738151366e-02 -1.260898198256891903e-03 -1.162991108255851530e-02 -1.865938180895247711e-02 -1.794818090273514466e-02 4.862203253987959495e-02 -4.720553316411522926e-02 1.036415261168431926e-02 -2.033616779287708218e-02 -7.663732482196751634e-03 -7.693584555210794713e-03 4.865785964992504209e-02 -1.732314334410242282e-02 -2.076415623885361286e-02 -1.133927602469373894e-02 -6.043040707583314380e-03 -1.082631305143757702e-02
-1.627254415423059521e-03 -2.222853936771996891e-04 -5.894527655898196099e-03 -9.907855865311478855e-03 -1.094884389847880328e-02 -7.457482591261089221e-03 -2.013997575983637531e-02 2.155116506574876120e-02 1.783865844113673507e-02 2.794137480062591598e-03 2.422013506123914250e-03 6.630949772086263544e-03 1.013013347317641769e-03 -1.095974493042205580e-02 2.503917089780983464e-03 -4.874078745861261212e-03 -8.955921071430417504e-03 6.450542318288164136e-03 -1.186126118186669326e-02 -1.844280343958011950e-02
9.287141635124162523e-04 -7.830960392485058000e-03 -7.444316452408710838e-05 2.734034461939055527e-02 -5.792274961314520208e-03 -1.532787556263568926e-02 7.919171186440542715e-03 -8.968131802968239488e-03 -5.368005200376013870e-03 2.487295871858507396e-02 1.789598993037197494e-03 3.024465043826156038e-02 3.329659509193843778e-03 6.224560312440876632e-03 -1.110697527601222159e-03 -1.134782554116587489e-02 3.218758977374451546e-02 1.487046252274864568e-02 -2.424364634256668811e-04 -7.807174747849218374e-03
5.964171109361394822e-03 6.882093722876976745e-03 1.826244739089933483e-02 2.365398856752826563e-03 -7.957759402993152750e-03 6.561816855625152156e-03 -4.919852147681424114e-03 1.106739646179019827e-02 1.940731929302862320e-03 -2.314642456297613324e-02 8.926811542757789875e-03 -2.817665172738369628e-03 3.665061363206718013e-03 -4.926693053593683529e-03 -2.266264398009284423e-03 -1.164058184361185279e-02 1.631137805504523364e-02 8.069522578759862064e-03 -3.984202091865522190e-03 2.212246125398393670e-03
1.042821115622654185e-02 4.346083596615765016e-02 -1.926152215948198285e-02 2.025344916531585104e-02 -1.269811903284833420e-02 -2.069948055692505742e-02 1.987563245395838896e-02 -3.402302989240477138e-02 -2.666205919151962145e-02 -5.431029382023193353e-02 -1.773060539309732897e-02 3.258575058729804713e-02 -1.323075132332243416e-03 -8.099194007987288446e-03 6.934070192743695647e-03 -2.195890191664916832e-03 2.150829213131646295e-02 4.133934623638031713e-02 -3.538174974216209967e-02 5.330132786918207605e-02
1.072202263433776233e-02 1.927035477424696164e-02 8.923767579450717427e-03 -7.352346704677746765e-03 -4.308320183889670016e-03 1.112217185155344769e-02 -6.849533647207160791e-03 2.868549239999733033e-02 7.338940423166907291e-03 -3.040613754974276495e-02 5.155527258574751047e-03 -1.075866122205943951e-02 8.978214794235214041e-03 2.777109259671402264e-02 1.590142020228582989e-02 -1.667662559988895843e-02 -1.629612031358909294e-02 5.951220825322164031e-03 3.564414453063175642e-02 6.225961240087171840e-03
4.604011212981816946e-03 -4.290071681183072957e-03 -1.259972971078180889e-02 -6.171482690009901483e-03 7.255110344826116173e-04 2.562807350036075404e-02 6.560513491894956473e-02 -2.027981229134669106e-02 5.052912837145275698e-02 4.742065450911958635e-02 -1.131485175027327483e-02 -1.096059999013706578e-02 -8.678043967187317950e-03 -8.561038298186586515e-03 -6.876869241688029696e-03 -2.282075674760830272e-02 2.289738442956410977e-02 -3.114402060020303106e-02 1.317778360236204933e-02 3.340276264289221420e-02
2.269123956464442343e-02 -4.182240799796363949e-03 2.926896026089973943e-02 1.885149607613655076e-02 8.280942415225847966e-03 -3.206452255059697581e-03 -1.068609018206188865e-02 5.591247275057495414e-02 1.592003845409721910e-02 1.754673327575918471e-02 -1.922859351920726614e-02 -1.053829390911868030e-02 1.101863623236680164e-03 2.361193638628360583e-02 3.100279215902109267e-02 -1.033447872878016406e-02 -4.373230014270702327e-03 6.867774581976392526e-03 7.675986589190259002e-02 -2.109108462633184009e-02
-1.910884604090739430e-02 -8.394141821521499194e-03 4.293295826758482129e-04 1.412781682165062738e-02 -2.950227004449918443e-03 -1.265985711443714124e-03 -3.769679991483659148e-02 5.225864129966963090e-02 1.244949487943781442e-02 4.690670907822876851e-02 -1.093331459564291300e-02 -2.497308732521652183e-02 -1.751089766256684610e-02 4.369328810409484759e-02 -1.220013806433585752e-03 -2.314167780855172843e-03 -9.859685203290703692e-03 -1.229593598766152117e-02 1.637203878414772787e-02 -2.046562680526726671e-02
-4.035899763496136883e-03 4.303145509875381906e-03 -1.654827103829991253e-03 -5.696108850174391031e-03 -1.385705093775667709e-02 -1.597284032573285896e-03 -3.230157014265886209e-03 2.538909455152010483e-03 1.725370583418525672e-02 8.596384049308450001e-03 1.542156462739419521e-03 9.518527471310392341e-03 2.272087342845331443e-03 8.129794400776683624e-03 8.336062928622592003e-03 -6.550811194789870132e-03 -6.722658871123684751e-03 -2.106783479685081679e-03 -6.173664971243971464e-04 -3.593011954875765818e-03
9.380147071147976537e-03 2.462698725778828673e-02 4.023202401485143119e-04 -8.214201771511260228e-04 -9.776642968757867647e-03 6.267868303843513941e-03 1.936400324133361397e-02 -1.053300186187947768e-02 1.514199582713878292e-02 1.070442818741875433e-02 -1.047786917925412793e-02 -2.385457066023899571e-03 -9.254467044233726652e-03 5.839066872559100022e-03 4.220359273166088970e-02 -5.975267948616740099e-03 -1.599907691214563429e-02 -1.532780663917611939e-02 1.640219193198650879e-02 3.025943091523891973e-02
3.803657746127973426e-03 -6.903898948115649685e-03 -1.675332649866836596e-02 2.599442360278002642e-02 6.090550303822137718e-03 -2.509473957696573346e-02 -6.019077963448739906e-04 4.461138377111630721e-02 -1.562136442416303672e-02 6.088485366204075995e-03 2.720868425656460150e-03 8.476404650668822871e-02 2.879789044375139200e-03 1.286074748513267411e-02 1.523181278564932593e-03 -1.530641079613676014e-02 -8.193810593242862109e-03 4.165277647010840606e-02 -3.895509848952709991e-02 -1.592336382912429640e-02
6.458448125807299788e-03 -8.545322702736307674e-03 6.390347651313706308e-03 -1.997515068811335504e-02 1.623384885095587493e-04 -1.500718555911442417e-02 2.668973898880639545e-02 4.794480812848136292e-02 -2.938636807205719480e-03 4.753107926439520924e-03 3.587112380929296292e-03 1.619403346946918232e-02 7.178939118357697408e-03 2.450273835558358995e-02 -1.990010223599995680e-03 -1.702762887543483178e-02 -1.761133848913928098e-03 6.803948262908308606e-03 6.359514767840827518e-03 -1.140613812814368112e-02
-3.494671787384127232e-02 6.952340802496413501e-03 -2.193749847212244850e-03 1.085566738065649878e-02 8.105193242486100763e-03 -9.819789314371187711e-03 3.538100291594873520e-02 -4.104416749062036324e-02 -2.028725846909772840e-02 -2.821554362996380946e-02 1.748038981111893053e-03 2.006961958227372958e-02 2.064595979373014072e-04 -6.501687709825934277e-04 -2.073970259239167092e-03 -1.279960380210654926e-02 4.058755747225294835e-02 -3.089978727871063070e-03 -3.335767056976764351e-03 -1.861236585638904178e-02
2.091099893121376591e-02 1.103685787596463130e-02 -2.697792530167578313e-03 2.451989484219690638e-02 -6.491380580264023183e-04 1.474285257528102234e-03 -1.661647157827966445e-03 -1.987223368317466918e-02 1.227002231089563238e-02 -3.978740993245032109e-02 -8.699545702058985100e-03 3.046436507720409574e-03 8.934915464948865738e-03 6.191324131228663138e-03 1.449637594998359064e-02 1.386388140739553375e-02 1.821404379468978194e-02 2.264313984654884107e-02 -5.043471597296182024e-03 -9.879273294311086834e-04
3.722210079036507909e-03 -6.288999937012094629e-03 1.281156368755326409e-02 1.926717365263665854e-02 -1.357389043372011529e-02 -1.250036652906378817e-02 -4.484911217860278491e-04 -1.321613232039519671e-02 1.472914082983177442e-02 -1.343994398330390812e-02 -1.178216638452871459e-02 -1.133794624060628295e-02 -4.636677270270448022e-03 -1.097056829104343587e-02 4.485044896552594848e-03 2.907607493965455765e-03 3.839178338781588234e-03 -1.609519119380124763e-02 -1.302085784478987027e-02 1.209755337396155317e-02
-2.373812274224211798e-03 2.091682088246066620e-02 1.889535773771541544e-03 -6.220202393826662624e-02 6.255085784766661883e-03 3.657306427689283740e-02 2.125396511283443590e-02 5.593099929179531915e-02 7.056922862213434525e-03 4.739155791046116561e-02 2.244629936718587401e-03 1.170630077653930790e-03 1.013138488304227321e-02 3.950138280347959691e-02 -2.556440938741283767e-02 -1.983310022690815133e-02 -2.558247017693371025e-02 -2.160725136383272182e-02 1.937022630700562312e-02 2.015279656022869043e-02
-9.821011439610279753e-04 -5.147849778931213281e-03 -1.939746561067076051e-03 4.849007562606196670e-03 8.142233068688000189e-03 1.847267097872021995e-03 2.757683357679710859e-03 -1.225015355335924878e-02 1.606987663404521247e-02 -1.590098250290475010e-02 6.353282200678535448e-03 -8.473900389090117252e-03 -8.095592843518113410e-03 -6.434270241027867550e-03 1.043199726405487707e-02 -4.343885482105829671e-03 -1.425963985628069322e-03 -1.116382727385986824e-02 1.957326538922812744e-03 1.252831740335049251e-02
8.252950929208385800e-03 1.423085019687916376e-02 6.055881563504386753e-04 -2.677268614909330494e-03 1.571666308175669047e-02 -1.046963256935414324e-02 1.859991422383939358e-02 5.745091995214862690e-03 -6.624333442816565144e-03 -9.381237276622341956e-03 -1.504372030481373503e-02 3.027015867183211958e-02 -3.579998818555564510e-03 -3.826660240758966974e-04 -1.389072577790691904e-02 2.664938571248642082e-03 1.586760721227882748e-03 -4.588209447709275354e-04 1.530778205805388009e-02 -1.326505831957847971e-02
