2.971415811725532791e-02 -1.595450947420273130e-02 -1.269410115118921496e-02 -2.196481665091424076e-02 2.701155899928567999e-02 3.843387268708753357e-02 4.208915115188521794e-02 -3.464903566728387563e-02 -4.608578154788574646e-03 -3.427632682559561550e-02
8.182164270909200732e-02 -8.796050363886732948e-02 2.292690140703889171e-02 3.485269859174359997e-02 -2.166114783736156069e-02 2.463133856109953751e-02 -1.523263494503229037e-02 -9.780744400031919986e-03 -1.919948059437474180e-02 -3.226382055688509914e-02
-4.287471348988258768e-02 -1.813090852154405203e-05 -2.282320876993962702e-02 1.830956511352270152e-02 1.818717390751706936e-02 6.168305107005408322e-02 -3.307551541164497483e-02 5.443944231805055226e-04 -4.106467159834684827e-02 2.291225707309449411e-02
3.925016434110099178e-02 -1.275733561301666541e-01 -7.991624718780263037e-02 -3.266398859280469913e-02 -8.612818140029501399e-03 8.185705655036415451e-02 -8.632082323270824642e-02 2.649286362949936427e-02 4.884748378606809660e-02 8.850905282634911886e-02
1.659218690988874690e-03 -4.612264375852583032e-03 -1.198600127848330719e-02 -1.182553348706617000e-03 -4.140090660663303494e-03 1.749612804043781597e-02 1.669228564497569813e-03 9.947494348297946341e-04 7.508956719991835907e-03 5.019336411514057315e-03
-3.119293874150968690e-02 -2.044039297704584174e-03 8.005917057578748608e-02 -1.499740044467843744e-02 -2.900244248055288548e-02 -3.043044538608221349e-03 1.422086979492786368e-02 -1.592296948832955250e-02 -3.025134851521746326e-02 -8.793360833023778494e-03
-9.643864648358974057e-02 -9.525569522892027297e-02 3.284778120816893993e-02 3.096845345846763100e-03 1.901076614407214982e-01 -6.545540816599178247e-02 -8.743866381797096854e-02 8.331750347354252573e-02 -4.847926059840209495e-02 1.240035011598170089e-01
-8.500165664750079786e-02 1.909567584264888207e-01 -1.295750274632941415e-02 8.036566444502216133e-02 -7.516266083900786932e-02 3.645583026661352449e-02 -5.977737882953343407e-02 -3.584822247880332241e-02 -1.221579986419325976e-02 -3.029228834111211480e-02
-2.341214016134640988e-02 -1.890884805520125569e-02 7.216793041577074241e-02 -5.682498829849723376e-02 4.871509199385688077e-03 4.589434546729256881e-02 1.412916765588737023e-01 -7.955000950618150435e-02 1.911310815368299013e-02 -6.707690175007043065e-02
-1.074670902277821000e-01 7.905935318099123477e-02 9.379187520543169621e-02 6.723757839016396287e-02 -1.306583227994513596e-01 -2.692925862232801656e-02 -8.380468564804680054e-02 1.963302894548436817e-02 1.329959508067952711e-01 -5.234005777056185277e-02
-2.079268310482420765e-02 5.871587933611602250e-03 8.582832022602583308e-03 -6.741555392336441750e-03 1.377973321447359747e-02 -8.681749352978291451e-03 -2.441010529085699612e-02 3.464354106322681953e-02 -6.338551406198409755e-04 1.427166888625513823e-02
-6.940230715356798807e-02 2.285852479980713531e-02 1.624021553465004528e-02 -3.030240028702950797e-02 -4.650505206828883797e-02 -1.454944997105337215e-02 -5.354577984049968542e-02 1.462077330328327984e-01 -2.257925196043698499e-02 4.214000245726607502e-02
7.627018988744950880e-04 3.428207582159760458e-02 3.230772576330099774e-03 3.031520654027474327e-03 -7.605520938087017083e-03 -2.142777805958766962e-02 -6.579380121850992094e-03 -1.266762187873051587e-03 -8.280461618991062644e-03 -3.945986539059242733e-04
-1.350845042298664048e-02 6.455781011279229653e-02 1.468157716242006125e-02 6.833961791084355863e-02 -5.850986747406314303e-02 3.505401969141903884e-02 -3.071749873109204387e-02 -3.566540387904515354e-03 -1.703258562894495454e-02 -2.441916584648298402e-02
6.644695124586007251e-03 -2.307226359696233284e-02 -4.744134312422227523e-02 -4.015660361406717116e-02 1.321316886798310115e-02 4.603117960018593413e-02 9.166720241138864855e-02 -6.608167909685203067e-02 3.927057718499191163e-02 -5.083530225582695052e-03
4.391805662474694560e-02 -7.278717616683912095e-02 2.606880940661576024e-02 1.650034231510653579e-02 -2.702297181290824399e-02 3.601987427194290603e-02 -3.495061304232656429e-02 -3.402838001934520989e-02 2.846191541531712874e-02 -8.932025459469647780e-03
-7.164282697668482303e-02 -4.621699969024141430e-02 -1.793405558678496173e-02 -1.629929076232504784e-02 2.613417998233212927e-02 -1.120901241175874946e-03 -7.673184856281109467e-02 4.199768765264933618e-02 3.465651257514412720e-02 1.315696807959848280e-01
6.383892781047542653e-02 -7.131683891175268075e-02 -2.315442063555248325e-03 1.884116117395429404e-02 -5.985973535031250542e-02 6.636561251456556121e-02 -4.966860323996940413e-02 7.522871144388761089e-02 -3.969237690408959629e-02 -4.132712484819807408e-02
-2.993365941404664554e-02 -1.257010715824399827e-01 -3.560280821049949945e-02 1.163438386194518975e-01 2.308789037416528883e-02 6.270198261637292825e-02 -3.728262988822465124e-02 -8.942534173288613220e-02 6.035084320798064089e-02 2.601722126556151732e-02
1.344822106852530952e-01 -8.218353113712585645e-02 5.994808225180078137e-02 -2.193681838621493879e-02 -1.009451863188039027e-02 -1.041430937245857620e-02 -2.705089647115916512e-02 -2.422566375190817259e-02 -2.334570280083434965e-02 4.065299101558832173e-03
